<?xml version="1.0"?>
<opencv_storage>
<calibration_time>"Sun Nov 15 20:48:33 2020"</calibration_time>
<nr_of_frames>12</nr_of_frames>
<image_width>1920</image_width>
<image_height>1080</image_height>
<board_width>9</board_width>
<board_height>6</board_height>
<square_size>50.</square_size>
<fix_aspect_ratio>1.</fix_aspect_ratio>
<!-- flags: +fix_aspectRatio +fix_principal_point +zero_tangent_dist +fix_k4 +fix_k5 -->
<flags>6158</flags>
<fisheye_model>0</fisheye_model>
<camera_matrix type_id="opencv-matrix">
  <rows>3</rows>
  <cols>3</cols>
  <dt>d</dt>
  <data>
    1.3378855436912859e+03 0. 9.5950000000000000e+02 0.
    1.3378855436912859e+03 5.3950000000000000e+02 0. 0. 1.</data></camera_matrix>
<distortion_coefficients type_id="opencv-matrix">
  <rows>5</rows>
  <cols>1</cols>
  <dt>d</dt>
  <data>
    -1.4448560804116040e-01 1.8420039800461343e+00 0. 0.
    -7.7198989736336223e+00</data></distortion_coefficients>
<avg_reprojection_error>5.4059904865091657e-01</avg_reprojection_error>
<per_view_reprojection_errors type_id="opencv-matrix">
  <rows>12</rows>
  <cols>1</cols>
  <dt>f</dt>
  <data>
    4.58712339e-01 4.83664185e-01 5.03371716e-01 4.78999108e-01
    5.12886226e-01 5.26317835e-01 5.48865855e-01 5.88480473e-01
    5.89199305e-01 5.73664904e-01 5.75697601e-01 6.20077431e-01</data></per_view_reprojection_errors>
<!-- a set of 6-tuples (rotation vector + translation vector) for each view -->
<extrinsic_parameters type_id="opencv-matrix">
  <rows>12</rows>
  <cols>6</cols>
  <dt>d</dt>
  <data>
    2.2581601201173995e-01 2.6139170411762763e-01
    -1.1372108877818201e+00 -2.7153567621583773e+02
    6.0249625517985258e+01 1.2283692867685413e+03 2.2115213514570828e-01
    2.6762607215355932e-01 -1.1781298611465372e+00
    -2.7399591189818483e+02 8.3775889108477458e+01
    1.2358220330320303e+03 2.1839049512945413e-01 2.7125216823364173e-01
    -1.2189871095450182e+00 -2.7539052653866287e+02
    1.0729962145409404e+02 1.2426871369964892e+03 2.1367661745299354e-01
    2.7560499246687098e-01 -1.2598099676001207e+00
    -2.7572920915649598e+02 1.3099895804416204e+02
    1.2499745196673186e+03 2.0861818005824398e-01 2.8017506639000439e-01
    -1.3005138490684343e+00 -2.7477666483561813e+02
    1.5443531320860191e+02 1.2566168918018791e+03 2.0316566643231154e-01
    2.8604424601071737e-01 -1.3414410041628739e+00
    -2.7303541453683329e+02 1.7815485121678390e+02
    1.2633597945877850e+03 1.9772541077395905e-01 2.8966904324926979e-01
    -1.3828419126069127e+00 -2.7018836899186709e+02
    2.0221787340080670e+02 1.2700421515652993e+03 1.7027146268865803e-01
    3.1085121098153345e-01 -1.5882764783129606e+00
    -2.4110441433616913e+02 3.1798651744021453e+02
    1.3000936766089310e+03 1.6504109163023678e-01 3.1617714162700766e-01
    -1.6295149968638651e+00 -2.3185200707497512e+02
    3.4050696851389529e+02 1.3057873541848248e+03 1.5779446907109965e-01
    3.2120240250628268e-01 -1.6704949839842849e+00
    -2.2136510872045019e+02 3.6211846097483703e+02
    1.3110175923848851e+03 1.4468494876949364e-01 3.2867018099911743e-01
    -1.7527431971270446e+00 -1.9930078351693339e+02
    4.0494177437491811e+02 1.3207231868978361e+03 1.1758401666096160e-01
    3.4343256582340997e-01 -1.9177459301294588e+00
    -1.4524301411561001e+02 4.8580777688615933e+02
    1.3365740589207469e+03</data></extrinsic_parameters>
<image_points type_id="opencv-matrix">
  <rows>12</rows>
  <cols>54</cols>
  <dt>"2f"</dt>
  <data>
    6.64698242e+02 6.04572327e+02 6.82446472e+02 5.58254944e+02
    7.00716064e+02 5.10314514e+02 7.19416931e+02 4.61741028e+02
    7.38655579e+02 4.11331512e+02 7.59024902e+02 3.59120514e+02
    7.79945984e+02 3.06082214e+02 8.01309875e+02 2.51150406e+02
    8.23588074e+02 1.94485001e+02 7.14959167e+02 6.26465149e+02
    7.33269287e+02 5.80391296e+02 7.51846130e+02 5.33132202e+02
    7.71290344e+02 4.84743134e+02 7.91388794e+02 4.34944519e+02
    8.12284241e+02 3.83057587e+02 8.33555237e+02 3.30342010e+02
    8.55880615e+02 2.75937927e+02 8.78177307e+02 2.20425903e+02
    7.64987488e+02 6.48412964e+02 7.83708923e+02 6.02569153e+02
    8.03240112e+02 5.55532227e+02 8.22992065e+02 5.07698059e+02
    8.44157898e+02 4.57569305e+02 8.65321533e+02 4.06837982e+02
    8.87510742e+02 3.54285736e+02 9.10069885e+02 3.00598663e+02
    9.33847351e+02 2.44913681e+02 8.14541626e+02 6.70336060e+02
    8.34106628e+02 6.24663452e+02 8.54135254e+02 5.78218567e+02
    8.74809387e+02 5.30091858e+02 8.96005127e+02 4.80964905e+02
    9.18254089e+02 4.30204773e+02 9.40998047e+02 3.78417328e+02
    9.64407898e+02 3.24726654e+02 9.88169495e+02 2.70252167e+02
    8.64222778e+02 6.91528320e+02 8.84386597e+02 6.46335327e+02
    9.05163757e+02 5.99917847e+02 9.26290771e+02 5.53091553e+02
    9.48029602e+02 5.03817627e+02 9.70746216e+02 4.53642487e+02
    9.94205383e+02 4.01928955e+02 1.01799518e+03 3.49096130e+02
    1.04294177e+03 2.94402222e+02 9.13932983e+02 7.12738403e+02
    9.34628967e+02 6.68168701e+02 9.55923767e+02 6.22130249e+02
    9.77647583e+02 5.75289612e+02 1.00029401e+03 5.27144104e+02
    1.02358075e+03 4.77079254e+02 1.04745044e+03 4.26170288e+02
    1.07208142e+03 3.73210815e+02 1.09717407e+03 3.18911072e+02
    6.63871521e+02 6.29419739e+02 6.79226379e+02 5.82875549e+02
    6.95450134e+02 5.34750793e+02 7.11455750e+02 4.86012787e+02
    7.28649963e+02 4.35097992e+02 7.46283325e+02 3.83071625e+02
    7.64839661e+02 3.29475311e+02 7.83608276e+02 2.74141357e+02
    8.03194763e+02 2.17116196e+02 7.14397644e+02 6.49446045e+02
    7.30514038e+02 6.03023499e+02 7.46826782e+02 5.55615662e+02
    7.64152161e+02 5.06882172e+02 7.81714050e+02 4.56280548e+02
    8.00151245e+02 4.04525574e+02 8.18876282e+02 3.51275208e+02
    8.38697815e+02 2.96445679e+02 8.58294678e+02 2.40167084e+02
    7.64866760e+02 6.69101196e+02 7.81420044e+02 6.23278625e+02
    7.98724060e+02 5.75696777e+02 8.16328613e+02 5.27587097e+02
    8.34791321e+02 4.77107269e+02 8.53628540e+02 4.26119843e+02
    8.73405396e+02 3.72954865e+02 8.93465454e+02 3.18921814e+02
    9.14054932e+02 2.62815125e+02 8.15150269e+02 6.89378601e+02
    8.32617798e+02 6.43134827e+02 8.50390930e+02 5.96200134e+02
    8.68534058e+02 5.48088379e+02 8.87465088e+02 4.98457550e+02
    9.07290100e+02 4.47004150e+02 9.27476440e+02 3.94548248e+02
    9.48387390e+02 3.40535065e+02 9.69370361e+02 2.85312561e+02
    8.65269958e+02 7.08468933e+02 8.83234924e+02 6.62953186e+02
    9.01669861e+02 6.16085754e+02 9.20543396e+02 5.68509888e+02
    9.40322388e+02 5.18996521e+02 9.60615295e+02 4.68002136e+02
    9.81316589e+02 4.16254913e+02 1.00288806e+03 3.62529022e+02
    1.02519568e+03 3.07138000e+02 9.15673218e+02 7.27784790e+02
    9.34405518e+02 6.82479736e+02 9.53367554e+02 6.35901123e+02
    9.72862610e+02 5.88919495e+02 9.93240295e+02 5.39948364e+02
    1.01425690e+03 4.89282898e+02 1.03542004e+03 4.37718109e+02
    1.05773450e+03 3.84191376e+02 1.08013489e+03 3.29598480e+02
    6.63995667e+02 6.54333496e+02 6.77265259e+02 6.07662048e+02
    6.91017090e+02 5.59317322e+02 7.05073120e+02 5.10268219e+02
    7.19764587e+02 4.59257568e+02 7.34949707e+02 4.06765594e+02
    7.50869629e+02 3.53011261e+02 7.66955078e+02 2.97651184e+02
    7.84379272e+02 2.40165802e+02 7.14844849e+02 6.72234680e+02
    7.28916809e+02 6.25207092e+02 7.42972595e+02 5.77573914e+02
    7.57914246e+02 5.28538757e+02 7.73291016e+02 4.77962463e+02
    7.88990784e+02 4.25917206e+02 8.05490601e+02 3.72608032e+02
    8.22688171e+02 3.17302399e+02 8.39867004e+02 2.60911407e+02
    7.65820312e+02 6.89747742e+02 7.80286926e+02 6.43668701e+02
    7.95538086e+02 5.95638062e+02 8.10581970e+02 5.47610291e+02
    8.26785583e+02 4.96367432e+02 8.43240112e+02 4.45019592e+02
    8.60387512e+02 3.91735596e+02 8.78155823e+02 3.37203094e+02
    8.96158264e+02 2.80876221e+02 8.16597534e+02 7.07686401e+02
    8.32047119e+02 6.61300293e+02 8.47357361e+02 6.14248474e+02
    8.63350708e+02 5.65604736e+02 8.79876343e+02 5.15694031e+02
