<?xml version="1.0"?>
<opencv_storage>
<images>
./IMG_9485_175.jpg
./IMG_9485_175.jpg
./IMG_9485_175.jpg
./IMG_9485_175.jpg
./IMG_9485_175.jpg
./IMG_9485_175.jpg
./IMG_9485_175.jpg
./IMG_9485_175.jpg
./IMG_9485_175.jpg
./IMG_9485_175.jpg
./IMG_9485_175.jpg
./IMG_9485_175.jpg
</images>
</opencv_storage>