<?xml version="1.0"?>
<opencv_storage>
<images>
./IMG_9485_175.jpg
./IMG_9485_176.jpg
./IMG_9485_177.jpg
./IMG_9485_178.jpg
./IMG_9485_179.jpg
./IMG_9485_180.jpg
./IMG_9485_181.jpg
./IMG_9485_186.jpg
./IMG_9485_187.jpg
./IMG_9485_188.jpg
./IMG_9485_190.jpg
./IMG_9485_194.jpg
</images>
</opencv_storage>