<?xml version="1.0"?>
<opencv_storage>
<images>
./IMG_9485_178.jpg
./IMG_9485_178.jpg
./IMG_9485_178.jpg
./IMG_9485_178.jpg
./IMG_9485_178.jpg
./IMG_9485_178.jpg
./IMG_9485_178.jpg
./IMG_9485_178.jpg
./IMG_9485_178.jpg
./IMG_9485_178.jpg
./IMG_9485_178.jpg
./IMG_9485_178.jpg
</images>
</opencv_storage>