<?xml version="1.0"?>
<opencv_storage>
<calibration_time>"Sun Nov 15 20:49:54 2020"</calibration_time>
<nr_of_frames>12</nr_of_frames>
<image_width>1920</image_width>
<image_height>1080</image_height>
<board_width>9</board_width>
<board_height>6</board_height>
<square_size>50.</square_size>
<fix_aspect_ratio>1.</fix_aspect_ratio>
<!-- flags: +fix_aspectRatio +fix_principal_point +zero_tangent_dist +fix_k4 +fix_k5 -->
<flags>6158</flags>
<fisheye_model>0</fisheye_model>
<camera_matrix type_id="opencv-matrix">
  <rows>3</rows>
  <cols>3</cols>
  <dt>d</dt>
  <data>
    1.3148097317367078e+03 0. 9.5950000000000000e+02 0.
    1.3148097317367078e+03 5.3950000000000000e+02 0. 0. 1.</data></camera_matrix>
<distortion_coefficients type_id="opencv-matrix">
  <rows>5</rows>
  <cols>1</cols>
  <dt>d</dt>
  <data>
    7.8066386357741477e-02 -2.5136155446661470e+00 0. 0.
    1.8934129034017971e+01</data></distortion_coefficients>
<avg_reprojection_error>4.3485171566259212e-01</avg_reprojection_error>
<per_view_reprojection_errors type_id="opencv-matrix">
  <rows>12</rows>
  <cols>1</cols>
  <dt>f</dt>
  <data>
    4.34851706e-01 4.34851706e-01 4.34851706e-01 4.34851706e-01
    4.34851706e-01 4.34851706e-01 4.34851706e-01 4.34851706e-01
    4.34851706e-01 4.34851706e-01 4.34851706e-01 4.34851706e-01</data></per_view_reprojection_errors>
<!-- a set of 6-tuples (rotation vector + translation vector) for each view -->
<extrinsic_parameters type_id="opencv-matrix">
  <rows>12</rows>
  <cols>6</cols>
  <dt>d</dt>
  <data>
    2.2427522580004164e-01 2.5908934894269053e-01
    -1.1371962271610156e+00 -2.7168094753128395e+02
    6.0357124988317878e+01 1.2121804657508103e+03 2.2427522580004219e-01
    2.5908934894269064e-01 -1.1371962271610156e+00
    -2.7168094753128389e+02 6.0357124988317892e+01
    1.2121804657508101e+03 2.2427522580004233e-01 2.5908934894269042e-01
    -1.1371962271610156e+00 -2.7168094753128389e+02
    6.0357124988317892e+01 1.2121804657508101e+03 2.2427522580004247e-01
    2.5908934894269020e-01 -1.1371962271610156e+00
    -2.7168094753128395e+02 6.0357124988317906e+01
    1.2121804657508101e+03 2.2427522580004156e-01 2.5908934894269037e-01
    -1.1371962271610159e+00 -2.7168094753128395e+02
    6.0357124988317892e+01 1.2121804657508103e+03 2.2427522580004178e-01
    2.5908934894269003e-01 -1.1371962271610159e+00
    -2.7168094753128400e+02 6.0357124988317906e+01
    1.2121804657508103e+03 2.2427522580004225e-01 2.5908934894269048e-01
    -1.1371962271610156e+00 -2.7168094753128389e+02
    6.0357124988317871e+01 1.2121804657508098e+03 2.2427522580004200e-01
    2.5908934894269042e-01 -1.1371962271610156e+00
    -2.7168094753128400e+02 6.0357124988317892e+01
    1.2121804657508105e+03 2.2427522580004158e-01 2.5908934894269009e-01
    -1.1371962271610156e+00 -2.7168094753128395e+02
    6.0357124988317892e+01 1.2121804657508103e+03 2.2427522580004217e-01
    2.5908934894268992e-01 -1.1371962271610156e+00
    -2.7168094753128400e+02 6.0357124988317899e+01
    1.2121804657508103e+03 2.2427522580004228e-01 2.5908934894269042e-01
    -1.1371962271610156e+00 -2.7168094753128389e+02
    6.0357124988317878e+01 1.2121804657508101e+03 2.2427522580004236e-01
    2.5908934894269020e-01 -1.1371962271610156e+00
    -2.7168094753128395e+02 6.0357124988317899e+01
    1.2121804657508101e+03</data></extrinsic_parameters>
<image_points type_id="opencv-matrix">
  <rows>12</rows>
  <cols>54</cols>
  <dt>"2f"</dt>
  <data>
    6.64698242e+02 6.04572327e+02 6.82446472e+02 5.58254944e+02
    7.00716064e+02 5.10314514e+02 7.19416931e+02 4.61741028e+02
    7.38655579e+02 4.11331512e+02 7.59024902e+02 3.59120514e+02
    7.79945984e+02 3.06082214e+02 8.01309875e+02 2.51150406e+02
    8.23588074e+02 1.94485001e+02 7.14959167e+02 6.26465149e+02
    7.33269287e+02 5.80391296e+02 7.51846130e+02 5.33132202e+02
    7.71290344e+02 4.84743134e+02 7.91388794e+02 4.34944519e+02
    8.12284241e+02 3.83057587e+02 8.33555237e+02 3.30342010e+02
    8.55880615e+02 2.75937927e+02 8.78177307e+02 2.20425903e+02
    7.64987488e+02 6.48412964e+02 7.83708923e+02 6.02569153e+02
    8.03240112e+02 5.55532227e+02 8.22992065e+02 5.07698059e+02
    8.44157898e+02 4.57569305e+02 8.65321533e+02 4.06837982e+02
    8.87510742e+02 3.54285736e+02 9.10069885e+02 3.00598663e+02
    9.33847351e+02 2.44913681e+02 8.14541626e+02 6.70336060e+02
    8.34106628e+02 6.24663452e+02 8.54135254e+02 5.78218567e+02
    8.74809387e+02 5.30091858e+02 8.96005127e+02 4.80964905e+02
    9.18254089e+02 4.30204773e+02 9.40998047e+02 3.78417328e+02
    9.64407898e+02 3.24726654e+02 9.88169495e+02 2.70252167e+02
    8.64222778e+02 6.91528320e+02 8.84386597e+02 6.46335327e+02
    9.05163757e+02 5.99917847e+02 9.26290771e+02 5.53091553e+02
    9.48029602e+02 5.03817627e+02 9.70746216e+02 4.53642487e+02
    9.94205383e+02 4.01928955e+02 1.01799518e+03 3.49096130e+02
    1.04294177e+03 2.94402222e+02 9.13932983e+02 7.12738403e+02
    9.34628967e+02 6.68168701e+02 9.55923767e+02 6.22130249e+02
    9.77647583e+02 5.75289612e+02 1.00029401e+03 5.27144104e+02
    1.02358075e+03 4.77079254e+02 1.04745044e+03 4.26170288e+02
    1.07208142e+03 3.73210815e+02 1.09717407e+03 3.18911072e+02
    6.64698242e+02 6.04572327e+02 6.82446472e+02 5.58254944e+02
    7.00716064e+02 5.10314514e+02 7.19416931e+02 4.61741028e+02
    7.38655579e+02 4.11331512e+02 7.59024902e+02 3.59120514e+02
    7.79945984e+02 3.06082214e+02 8.01309875e+02 2.51150406e+02
    8.23588074e+02 1.94485001e+02 7.14959167e+02 6.26465149e+02
    7.33269287e+02 5.80391296e+02 7.51846130e+02 5.33132202e+02
    7.71290344e+02 4.84743134e+02 7.91388794e+02 4.34944519e+02
    8.12284241e+02 3.83057587e+02 8.33555237e+02 3.30342010e+02
    8.55880615e+02 2.75937927e+02 8.78177307e+02 2.20425903e+02
    7.64987488e+02 6.48412964e+02 7.83708923e+02 6.02569153e+02
    8.03240112e+02 5.55532227e+02 8.22992065e+02 5.07698059e+02
    8.44157898e+02 4.57569305e+02 8.65321533e+02 4.06837982e+02
    8.87510742e+02 3.54285736e+02 9.10069885e+02 3.00598663e+02
    9.33847351e+02 2.44913681e+02 8.14541626e+02 6.70336060e+02
    8.34106628e+02 6.24663452e+02 8.54135254e+02 5.78218567e+02
    8.74809387e+02 5.30091858e+02 8.96005127e+02 4.80964905e+02
    9.18254089e+02 4.30204773e+02 9.40998047e+02 3.78417328e+02
    9.64407898e+02 3.24726654e+02 9.88169495e+02 2.70252167e+02
    8.64222778e+02 6.91528320e+02 8.84386597e+02 6.46335327e+02
    9.05163757e+02 5.99917847e+02 9.26290771e+02 5.53091553e+02
    9.48029602e+02 5.03817627e+02 9.70746216e+02 4.53642487e+02
    9.94205383e+02 4.01928955e+02 1.01799518e+03 3.49096130e+02
    1.04294177e+03 2.94402222e+02 9.13932983e+02 7.12738403e+02
    9.34628967e+02 6.68168701e+02 9.55923767e+02 6.22130249e+02
    9.77647583e+02 5.75289612e+02 1.00029401e+03 5.27144104e+02
    1.02358075e+03 4.77079254e+02 1.04745044e+03 4.26170288e+02
    1.07208142e+03 3.73210815e+02 1.09717407e+03 3.18911072e+02
    6.64698242e+02 6.04572327e+02 6.82446472e+02 5.58254944e+02
    7.00716064e+02 5.10314514e+02 7.19416931e+02 4.61741028e+02
    7.38655579e+02 4.11331512e+02 7.59024902e+02 3.59120514e+02
    7.79945984e+02 3.06082214e+02 8.01309875e+02 2.51150406e+02
    8.23588074e+02 1.94485001e+02 7.14959167e+02 6.26465149e+02
    7.33269287e+02 5.80391296e+02 7.51846130e+02 5.33132202e+02
    7.71290344e+02 4.84743134e+02 7.91388794e+02 4.34944519e+02
    8.12284241e+02 3.83057587e+02 8.33555237e+02 3.30342010e+02
    8.55880615e+02 2.75937927e+02 8.78177307e+02 2.20425903e+02
    7.64987488e+02 6.48412964e+02 7.83708923e+02 6.02569153e+02
    8.03240112e+02 5.55532227e+02 8.22992065e+02 5.07698059e+02
    8.44157898e+02 4.57569305e+02 8.65321533e+02 4.06837982e+02
    8.87510742e+02 3.54285736e+02 9.10069885e+02 3.00598663e+02
    9.33847351e+02 2.44913681e+02 8.14541626e+02 6.70336060e+02
    8.34106628e+02 6.24663452e+02 8.54135254e+02 5.78218567e+02
    8.74809387e+02 5.30091858e+02 8.96005127e+02 4.80964905e+02
