<?xml version="1.0"?>
<opencv_storage>
<calibration_time>"Sun Nov 15 20:52:27 2020"</calibration_time>
<nr_of_frames>12</nr_of_frames>
<image_width>1920</image_width>
<image_height>1080</image_height>
<board_width>9</board_width>
<board_height>6</board_height>
<square_size>50.</square_size>
<fix_aspect_ratio>1.</fix_aspect_ratio>
<!-- flags: +fix_aspectRatio +fix_principal_point +zero_tangent_dist +fix_k4 +fix_k5 -->
<flags>6158</flags>
<fisheye_model>0</fisheye_model>
<camera_matrix type_id="opencv-matrix">
  <rows>3</rows>
  <cols>3</cols>
  <dt>d</dt>
  <data>
    1.3408973390541521e+03 0. 9.5950000000000000e+02 0.
    1.3408973390541521e+03 5.3950000000000000e+02 0. 0. 1.</data></camera_matrix>
<distortion_coefficients type_id="opencv-matrix">
  <rows>5</rows>
  <cols>1</cols>
  <dt>d</dt>
  <data>
    -3.4100402473814073e-01 6.7758846982525611e+00 0. 0.
    -4.4315608579311252e+01</data></distortion_coefficients>
<avg_reprojection_error>5.4486925052245394e-01</avg_reprojection_error>
<per_view_reprojection_errors type_id="opencv-matrix">
  <rows>12</rows>
  <cols>1</cols>
  <dt>f</dt>
  <data>
    5.44869244e-01 5.44869244e-01 5.44869244e-01 5.44869244e-01
    5.44869244e-01 5.44869244e-01 5.44869244e-01 5.44869244e-01
    5.44869244e-01 5.44869244e-01 5.44869244e-01 5.44869244e-01</data></per_view_reprojection_errors>
<!-- a set of 6-tuples (rotation vector + translation vector) for each view -->
<extrinsic_parameters type_id="opencv-matrix">
  <rows>12</rows>
  <cols>6</cols>
  <dt>d</dt>
  <data>
    1.9794173928695924e-01 2.8970554902672818e-01
    -1.3828028227221505e+00 -2.7018959265217359e+02
    2.0221008236008169e+02 1.2701167905045952e+03 1.9794173928695902e-01
    2.8970554902672818e-01 -1.3828028227221505e+00
    -2.7018959265217359e+02 2.0221008236008171e+02
    1.2701167905045952e+03 1.9794173928695899e-01 2.8970554902672807e-01
    -1.3828028227221503e+00 -2.7018959265217353e+02
    2.0221008236008169e+02 1.2701167905045952e+03 1.9794173928695866e-01
    2.8970554902672807e-01 -1.3828028227221505e+00
    -2.7018959265217359e+02 2.0221008236008169e+02
    1.2701167905045952e+03 1.9794173928695871e-01 2.8970554902672779e-01
    -1.3828028227221505e+00 -2.7018959265217353e+02
    2.0221008236008169e+02 1.2701167905045950e+03 1.9794173928695910e-01
    2.8970554902672813e-01 -1.3828028227221503e+00
    -2.7018959265217359e+02 2.0221008236008169e+02
    1.2701167905045952e+03 1.9794173928695874e-01 2.8970554902672774e-01
    -1.3828028227221505e+00 -2.7018959265217353e+02
    2.0221008236008169e+02 1.2701167905045952e+03 1.9794173928695891e-01
    2.8970554902672785e-01 -1.3828028227221503e+00
    -2.7018959265217353e+02 2.0221008236008169e+02
    1.2701167905045952e+03 1.9794173928695891e-01 2.8970554902672785e-01
    -1.3828028227221505e+00 -2.7018959265217353e+02
    2.0221008236008171e+02 1.2701167905045952e+03 1.9794173928695905e-01
    2.8970554902672824e-01 -1.3828028227221505e+00
    -2.7018959265217359e+02 2.0221008236008171e+02
    1.2701167905045952e+03 1.9794173928695877e-01 2.8970554902672779e-01
    -1.3828028227221505e+00 -2.7018959265217353e+02
    2.0221008236008169e+02 1.2701167905045952e+03 1.9794173928695893e-01
    2.8970554902672785e-01 -1.3828028227221503e+00
    -2.7018959265217353e+02 2.0221008236008169e+02
    1.2701167905045952e+03</data></extrinsic_parameters>
<image_points type_id="opencv-matrix">
  <rows>12</rows>
  <cols>54</cols>
  <dt>"2f"</dt>
  <data>
    6.75790955e+02 7.51651611e+02 6.80524963e+02 7.04811035e+02
    6.85498901e+02 6.56287170e+02 6.90463074e+02 6.07230530e+02
    6.95992920e+02 5.56465881e+02 7.01431091e+02 5.04552307e+02
    7.07776489e+02 4.49917511e+02 7.13815491e+02 3.95259583e+02
    7.20517456e+02 3.37987213e+02 7.27398987e+02 7.61312805e+02
    7.32719421e+02 7.14225647e+02 7.38124634e+02 6.66379700e+02
    7.43814941e+02 6.17275208e+02 7.49752014e+02 5.66482483e+02
    7.56126038e+02 5.14304993e+02 7.62828735e+02 4.60878265e+02
    7.70019409e+02 4.05250885e+02 7.76624573e+02 3.49139160e+02
    7.79200012e+02 7.70804626e+02 7.84963684e+02 7.24289490e+02
    7.91325012e+02 6.76198181e+02 7.97465759e+02 6.27364136e+02
    8.04279724e+02 5.76360840e+02 8.10998047e+02 5.24538025e+02
    8.18648987e+02 4.70540192e+02 8.26223389e+02 4.15717316e+02
    8.33917969e+02 3.59266937e+02 8.30661987e+02 7.81249390e+02
    8.37488892e+02 7.33898376e+02 8.44245300e+02 6.86391052e+02
    8.50973145e+02 6.37259399e+02 8.58386414e+02 5.86836060e+02
    8.66205688e+02 5.34150940e+02 8.73986938e+02 4.80857635e+02
    8.82532654e+02 4.25742889e+02 8.90608215e+02 3.69643188e+02
    8.82533997e+02 7.90772827e+02 8.89838867e+02 7.43615295e+02
    8.97400940e+02 6.95634949e+02 9.04638245e+02 6.47180115e+02
    9.12976318e+02 5.96694946e+02 9.21264099e+02 5.44726257e+02
    9.29746521e+02 4.91074310e+02 9.38903931e+02 4.35919556e+02
    9.48423889e+02 3.79620697e+02 9.34736023e+02 8.00106812e+02
    9.42727905e+02 7.53278748e+02 9.50718994e+02 7.05381042e+02
    9.59229004e+02 6.56752258e+02 9.67663147e+02 6.06758179e+02
    9.76643372e+02 5.54539246e+02 9.86285217e+02 5.01353943e+02
    9.96013428e+02 4.46452057e+02 1.00576611e+03 3.89868896e+02
    6.75790955e+02 7.51651611e+02 6.80524963e+02 7.04811035e+02
    6.85498901e+02 6.56287170e+02 6.90463074e+02 6.07230530e+02
    6.95992920e+02 5.56465881e+02 7.01431091e+02 5.04552307e+02
    7.07776489e+02 4.49917511e+02 7.13815491e+02 3.95259583e+02
    7.20517456e+02 3.37987213e+02 7.27398987e+02 7.61312805e+02
    7.32719421e+02 7.14225647e+02 7.38124634e+02 6.66379700e+02
    7.43814941e+02 6.17275208e+02 7.49752014e+02 5.66482483e+02
    7.56126038e+02 5.14304993e+02 7.62828735e+02 4.60878265e+02
    7.70019409e+02 4.05250885e+02 7.76624573e+02 3.49139160e+02
    7.79200012e+02 7.70804626e+02 7.84963684e+02 7.24289490e+02
    7.91325012e+02 6.76198181e+02 7.97465759e+02 6.27364136e+02
    8.04279724e+02 5.76360840e+02 8.10998047e+02 5.24538025e+02
    8.18648987e+02 4.70540192e+02 8.26223389e+02 4.15717316e+02
    8.33917969e+02 3.59266937e+02 8.30661987e+02 7.81249390e+02
    8.37488892e+02 7.33898376e+02 8.44245300e+02 6.86391052e+02
    8.50973145e+02 6.37259399e+02 8.58386414e+02 5.86836060e+02
    8.66205688e+02 5.34150940e+02 8.73986938e+02 4.80857635e+02
    8.82532654e+02 4.25742889e+02 8.90608215e+02 3.69643188e+02
    8.82533997e+02 7.90772827e+02 8.89838867e+02 7.43615295e+02
    8.97400940e+02 6.95634949e+02 9.04638245e+02 6.47180115e+02
    9.12976318e+02 5.96694946e+02 9.21264099e+02 5.44726257e+02
    9.29746521e+02 4.91074310e+02 9.38903931e+02 4.35919556e+02
    9.48423889e+02 3.79620697e+02 9.34736023e+02 8.00106812e+02
    9.42727905e+02 7.53278748e+02 9.50718994e+02 7.05381042e+02
    9.59229004e+02 6.56752258e+02 9.67663147e+02 6.06758179e+02
    9.76643372e+02 5.54539246e+02 9.86285217e+02 5.01353943e+02
    9.96013428e+02 4.46452057e+02 1.00576611e+03 3.89868896e+02
    6.75790955e+02 7.51651611e+02 6.80524963e+02 7.04811035e+02
    6.85498901e+02 6.56287170e+02 6.90463074e+02 6.07230530e+02
    6.95992920e+02 5.56465881e+02 7.01431091e+02 5.04552307e+02
    7.07776489e+02 4.49917511e+02 7.13815491e+02 3.95259583e+02
    7.20517456e+02 3.37987213e+02 7.27398987e+02 7.61312805e+02
    7.32719421e+02 7.14225647e+02 7.38124634e+02 6.66379700e+02
    7.43814941e+02 6.17275208e+02 7.49752014e+02 5.66482483e+02
    7.56126038e+02 5.14304993e+02 7.62828735e+02 4.60878265e+02
    7.70019409e+02 4.05250885e+02 7.76624573e+02 3.49139160e+02
    7.79200012e+02 7.70804626e+02 7.84963684e+02 7.24289490e+02
    7.91325012e+02 6.76198181e+02 7.97465759e+02 6.27364136e+02
    8.04279724e+02 5.76360840e+02 8.10998047e+02 5.24538025e+02
    8.18648987e+02 4.70540192e+02 8.26223389e+02 4.15717316e+02
    8.33917969e+02 3.59266937e+02 8.30661987e+02 7.81249390e+02
    8.37488892e+02 7.33898376e+02 8.44245300e+02 6.86391052e+02
    8.50973145e+02 6.37259399e+02 8.58386414e+02 5.86836060e+02
