<?xml version="1.0"?>
<opencv_storage>
<calibration_time>"Sun Nov 15 20:51:32 2020"</calibration_time>
<nr_of_frames>12</nr_of_frames>
<image_width>1920</image_width>
<image_height>1080</image_height>
<board_width>9</board_width>
<board_height>6</board_height>
<square_size>50.</square_size>
<fix_aspect_ratio>1.</fix_aspect_ratio>
<!-- flags: +fix_aspectRatio +fix_principal_point +zero_tangent_dist +fix_k4 +fix_k5 -->
<flags>6158</flags>
<fisheye_model>0</fisheye_model>
<camera_matrix type_id="opencv-matrix">
  <rows>3</rows>
  <cols>3</cols>
  <dt>d</dt>
  <data>
    1.3224953419461833e+03 0. 9.5950000000000000e+02 0.
    1.3224953419461833e+03 5.3950000000000000e+02 0. 0. 1.</data></camera_matrix>
<distortion_coefficients type_id="opencv-matrix">
  <rows>5</rows>
  <cols>1</cols>
  <dt>d</dt>
  <data>
    -4.5286414172149805e-02 -2.9584777894170028e-01 0. 0.
    6.9903441104862054e+00</data></distortion_coefficients>
<avg_reprojection_error>4.7499542883331231e-01</avg_reprojection_error>
<per_view_reprojection_errors type_id="opencv-matrix">
  <rows>12</rows>
  <cols>1</cols>
  <dt>f</dt>
  <data>
    4.74995434e-01 4.74995434e-01 4.74995434e-01 4.74995434e-01
    4.74995434e-01 4.74995434e-01 4.74995434e-01 4.74995434e-01
    4.74995434e-01 4.74995434e-01 4.74995434e-01 4.74995434e-01</data></per_view_reprojection_errors>
<!-- a set of 6-tuples (rotation vector + translation vector) for each view -->
<extrinsic_parameters type_id="opencv-matrix">
  <rows>12</rows>
  <cols>6</cols>
  <dt>d</dt>
  <data>
    2.1303518681197753e-01 2.7433443146754122e-01
    -1.2598021479053672e+00 -2.7581488738424542e+02
    1.3108436630791925e+02 1.2379757529355043e+03 2.1303518681197742e-01
    2.7433443146754105e-01 -1.2598021479053669e+00
    -2.7581488738424548e+02 1.3108436630791928e+02
    1.2379757529355043e+03 2.1303518681197681e-01 2.7433443146754144e-01
    -1.2598021479053669e+00 -2.7581488738424542e+02
    1.3108436630791925e+02 1.2379757529355043e+03 2.1303518681197742e-01
    2.7433443146754133e-01 -1.2598021479053672e+00
    -2.7581488738424542e+02 1.3108436630791925e+02
    1.2379757529355043e+03 2.1303518681197744e-01 2.7433443146754122e-01
    -1.2598021479053672e+00 -2.7581488738424542e+02
    1.3108436630791925e+02 1.2379757529355043e+03 2.1303518681197681e-01
    2.7433443146754144e-01 -1.2598021479053669e+00
    -2.7581488738424542e+02 1.3108436630791925e+02
    1.2379757529355040e+03 2.1303518681197747e-01 2.7433443146754122e-01
    -1.2598021479053672e+00 -2.7581488738424542e+02
    1.3108436630791925e+02 1.2379757529355043e+03 2.1303518681197717e-01
    2.7433443146754155e-01 -1.2598021479053672e+00
    -2.7581488738424542e+02 1.3108436630791925e+02
    1.2379757529355040e+03 2.1303518681197678e-01 2.7433443146754133e-01
    -1.2598021479053669e+00 -2.7581488738424537e+02
    1.3108436630791925e+02 1.2379757529355040e+03 2.1303518681197769e-01
    2.7433443146754111e-01 -1.2598021479053672e+00
    -2.7581488738424548e+02 1.3108436630791931e+02
    1.2379757529355045e+03 2.1303518681197706e-01 2.7433443146754138e-01
    -1.2598021479053672e+00 -2.7581488738424542e+02
    1.3108436630791925e+02 1.2379757529355043e+03 2.1303518681197725e-01
    2.7433443146754144e-01 -1.2598021479053669e+00
    -2.7581488738424537e+02 1.3108436630791925e+02
    1.2379757529355040e+03</data></extrinsic_parameters>
<image_points type_id="opencv-matrix">
  <rows>12</rows>
  <cols>54</cols>
  <dt>"2f"</dt>
  <data>
    6.65298340e+02 6.78959351e+02 6.76598694e+02 6.32213745e+02
    6.87995605e+02 5.83611206e+02 6.99694397e+02 5.34498291e+02
    7.12122986e+02 4.83404572e+02 7.24940918e+02 4.30639893e+02
    7.38371765e+02 3.77024628e+02 7.52066650e+02 3.21557617e+02
    7.66213135e+02 2.64155457e+02 7.16627502e+02 6.94756592e+02
    7.28307739e+02 6.47586609e+02 7.40318115e+02 5.99891174e+02
    7.52602844e+02 5.50797974e+02 7.65734314e+02 4.99918457e+02
    7.79404236e+02 4.47541168e+02 7.93168701e+02 3.94202728e+02
    8.07744202e+02 3.39056641e+02 8.22542542e+02 2.82467987e+02
    7.67760742e+02 7.10307434e+02 7.80231323e+02 6.63867065e+02
    7.92685608e+02 6.15832458e+02 8.06044922e+02 5.67384766e+02
    8.19827026e+02 5.16413330e+02 8.33665222e+02 4.64618530e+02
    8.48510620e+02 4.11132324e+02 8.63625427e+02 3.56266968e+02
    8.79156006e+02 2.99811340e+02 8.18855164e+02 7.26487915e+02
    8.32226624e+02 6.79800781e+02 8.45258484e+02 6.32178955e+02
    8.59005493e+02 5.83417786e+02 8.73275879e+02 5.33360046e+02
    8.88221802e+02 4.81484558e+02 9.03442932e+02 4.27953583e+02
    9.19669678e+02 3.73138519e+02 9.35581726e+02 3.17274414e+02
    8.69633423e+02 7.41667114e+02 8.83697205e+02 6.95563416e+02
    8.97645996e+02 6.47882446e+02 9.12014099e+02 5.99563049e+02
    9.27085876e+02 5.49355591e+02 9.42492920e+02 4.98131744e+02
    9.58738953e+02 4.44744659e+02 9.75027344e+02 3.90683014e+02
    9.92130127e+02 3.34652771e+02 9.21264954e+02 7.57058838e+02
    9.35605591e+02 7.10963440e+02 9.50266541e+02 6.63727661e+02
    9.65446289e+02 6.15795898e+02 9.81058594e+02 5.66228699e+02
    9.97269531e+02 5.14531006e+02 1.01366931e+03 4.62349152e+02
    1.03090625e+03 4.07711914e+02 1.04872815e+03 3.51958038e+02
    6.65298340e+02 6.78959351e+02 6.76598694e+02 6.32213745e+02
    6.87995605e+02 5.83611206e+02 6.99694397e+02 5.34498291e+02
    7.12122986e+02 4.83404572e+02 7.24940918e+02 4.30639893e+02
    7.38371765e+02 3.77024628e+02 7.52066650e+02 3.21557617e+02
    7.66213135e+02 2.64155457e+02 7.16627502e+02 6.94756592e+02
    7.28307739e+02 6.47586609e+02 7.40318115e+02 5.99891174e+02
    7.52602844e+02 5.50797974e+02 7.65734314e+02 4.99918457e+02
    7.79404236e+02 4.47541168e+02 7.93168701e+02 3.94202728e+02
    8.07744202e+02 3.39056641e+02 8.22542542e+02 2.82467987e+02
    7.67760742e+02 7.10307434e+02 7.80231323e+02 6.63867065e+02
    7.92685608e+02 6.15832458e+02 8.06044922e+02 5.67384766e+02
    8.19827026e+02 5.16413330e+02 8.33665222e+02 4.64618530e+02
    8.48510620e+02 4.11132324e+02 8.63625427e+02 3.56266968e+02
    8.79156006e+02 2.99811340e+02 8.18855164e+02 7.26487915e+02
    8.32226624e+02 6.79800781e+02 8.45258484e+02 6.32178955e+02
    8.59005493e+02 5.83417786e+02 8.73275879e+02 5.33360046e+02
    8.88221802e+02 4.81484558e+02 9.03442932e+02 4.27953583e+02
    9.19669678e+02 3.73138519e+02 9.35581726e+02 3.17274414e+02
    8.69633423e+02 7.41667114e+02 8.83697205e+02 6.95563416e+02
    8.97645996e+02 6.47882446e+02 9.12014099e+02 5.99563049e+02
    9.27085876e+02 5.49355591e+02 9.42492920e+02 4.98131744e+02
    9.58738953e+02 4.44744659e+02 9.75027344e+02 3.90683014e+02
    9.92130127e+02 3.34652771e+02 9.21264954e+02 7.57058838e+02
    9.35605591e+02 7.10963440e+02 9.50266541e+02 6.63727661e+02
    9.65446289e+02 6.15795898e+02 9.81058594e+02 5.66228699e+02
    9.97269531e+02 5.14531006e+02 1.01366931e+03 4.62349152e+02
    1.03090625e+03 4.07711914e+02 1.04872815e+03 3.51958038e+02
    6.65298340e+02 6.78959351e+02 6.76598694e+02 6.32213745e+02
    6.87995605e+02 5.83611206e+02 6.99694397e+02 5.34498291e+02
    7.12122986e+02 4.83404572e+02 7.24940918e+02 4.30639893e+02
    7.38371765e+02 3.77024628e+02 7.52066650e+02 3.21557617e+02
    7.66213135e+02 2.64155457e+02 7.16627502e+02 6.94756592e+02
    7.28307739e+02 6.47586609e+02 7.40318115e+02 5.99891174e+02
    7.52602844e+02 5.50797974e+02 7.65734314e+02 4.99918457e+02
    7.79404236e+02 4.47541168e+02 7.93168701e+02 3.94202728e+02
    8.07744202e+02 3.39056641e+02 8.22542542e+02 2.82467987e+02
    7.67760742e+02 7.10307434e+02 7.80231323e+02 6.63867065e+02
    7.92685608e+02 6.15832458e+02 8.06044922e+02 5.67384766e+02
    8.19827026e+02 5.16413330e+02 8.33665222e+02 4.64618530e+02
    8.48510620e+02 4.11132324e+02 8.63625427e+02 3.56266968e+02
    8.79156006e+02 2.99811340e+02 8.18855164e+02 7.26487915e+02
    8.32226624e+02 6.79800781e+02 8.45258484e+02 6.32178955e+02
    8.59005493e+02 5.83417786e+02 8.73275879e+02 5.33360046e+02
